image: 2023-07-03-17-45-51_lawnOccupancyGrid.pgm
resolution: 0.050000
origin: [-17.600000, -43.200000, -nan]
negate: 0
occupied_thresh: 0.65
free_thresh: 0.196

