image: 2023-07-03-17-54-41.pgm
resolution: 0.050000
origin: [-14.400000, -43.200000, 0.000000]
negate: 0
occupied_thresh: 0.65
free_thresh: 0.196

