image: 2023-07-03-17-54-41_lawnOccupancyGrid.pgm
resolution: 0.050000
origin: [-14.400000, -43.200000, -nan]
negate: 0
occupied_thresh: 0.65
free_thresh: 0.196

