image: 2023-07-03-17-45-51_lawnOccupancyGrid_100.pgm
resolution: 0.050000
origin: [-100.000000, -100.000000, -nan]
negate: 0
occupied_thresh: 0.65
free_thresh: 0.196

